# Homogenization Results

Cell: cross_lattice
2.846758e+07 3.661830e+06 3.567726e+06 2.219741e+04 -1.079529e+05 -3.277608e+05
3.661830e+06 2.845882e+07 3.474766e+06 -2.222736e+05 -1.919484e+03 -2.975932e+05
3.567726e+06 3.474766e+06 2.855752e+07 -2.510366e+05 -1.372056e+05 9.860937e+04
2.219741e+04 -2.222736e+05 -2.510366e+05 3.589751e+07 -6.808058e+04 -3.716270e+04
-1.079529e+05 -1.919484e+03 -1.372056e+05 -6.808058e+04 3.362927e+07 -7.915631e+04
-3.277608e+05 -2.975932e+05 9.860937e+04 -3.716270e+04 -7.915631e+04 3.540328e+07


Cell: cube
1.403339e+10 1.128621e+09 1.148832e+09 4.667913e+05 3.336246e+06 -1.265924e+06
1.128621e+09 1.407439e+10 1.149162e+09 3.001722e+06 1.528876e+05 5.633728e+06
1.148832e+09 1.149162e+09 1.406775e+10 2.782399e+06 3.184046e+06 5.869214e+05
4.667913e+05 3.001722e+06 2.782399e+06 6.195760e+08 -1.219355e+06 -1.287319e+06
3.336246e+06 1.528876e+05 3.184046e+06 -1.219355e+06 6.192517e+08 -1.413878e+06
-1.265924e+06 5.633728e+06 5.869214e+05 -1.287319e+06 -1.413878e+06 6.172536e+08


Cell: enhanced_voxel
1.416621e+10 6.169957e+09 5.937693e+09 -1.092731e+08 -6.034385e+08 -2.757479e+08
6.169957e+09 1.380330e+10 6.006690e+09 -2.765484e+08 -2.177144e+08 -3.290421e+08
5.937693e+09 6.006690e+09 1.336637e+10 -4.605601e+07 -1.768413e+08 -1.452260e+08
-1.092731e+08 -2.765484e+08 -4.605601e+07 6.323030e+09 3.106147e+07 -4.965011e+08
-6.034385e+08 -2.177144e+08 -1.768413e+08 3.106147e+07 6.514489e+09 -2.665954e+08
-2.757479e+08 -3.290421e+08 -1.452260e+08 -4.965011e+08 -2.665954e+08 6.878434e+09


Cell: face_centered_cubic
9.991223e+09 2.973466e+09 2.854475e+09 -8.466835e+07 -2.605493e+08 -2.288504e+08
2.973466e+09 9.767178e+09 2.850428e+09 -2.482870e+08 -1.169268e+08 -2.203931e+08
2.854475e+09 2.850428e+09 9.514011e+09 -4.809003e+07 -5.945497e+07 -1.101290e+08
-8.466835e+07 -2.482870e+08 -4.809003e+07 3.343409e+09 3.031985e+07 -5.177453e+08
-2.605493e+08 -1.169268e+08 -5.945497e+07 3.031985e+07 3.523127e+09 -3.584954e+08
-2.288504e+08 -2.203931e+08 -1.101290e+08 -5.177453e+08 -3.584954e+08 3.891904e+09


Cell: octahedron
1.686070e+10 7.779990e+08 1.022873e+10 -7.807126e+05 7.125050e+06 -4.414948e+03
7.779990e+08 1.685684e+10 1.022887e+10 7.025890e+06 -1.673297e+06 2.191608e+05
1.022873e+10 1.022887e+10 2.996894e+10 2.169649e+07 1.921567e+07 2.923889e+05
-7.807126e+05 7.025890e+06 2.169649e+07 1.004855e+10 6.955166e+05 1.920352e+06
7.125050e+06 -1.673297e+06 1.921567e+07 6.955166e+05 1.004777e+10 7.206150e+05
-4.414948e+03 2.191608e+05 2.923889e+05 1.920352e+06 7.206150e+05 1.002566e+09


Cell: octet_truss
2.692814e+10 1.136422e+10 1.125471e+10 3.666971e+07 -4.976693e+07 -1.054477e+08
1.136422e+10 2.678244e+10 1.136833e+10 -8.008015e+07 2.092437e+07 -7.866090e+07
1.125471e+10 1.136833e+10 2.683206e+10 -7.974305e+07 -9.696369e+07 3.159611e+07
3.666971e+07 -8.008015e+07 -7.974305e+07 1.148772e+10 -2.660295e+07 -2.282236e+07
-4.976693e+07 2.092437e+07 -9.696369e+07 -2.660295e+07 1.149623e+10 -4.618766e+06
-1.054477e+08 -7.866090e+07 3.159611e+07 -2.282236e+07 -4.618766e+06 1.151040e+10


Cell: star_cube
1.023903e+09 9.042978e+08 8.876894e+08 -2.381302e+07 -8.007067e+07 9.089260e+06
9.042978e+08 9.742801e+08 8.866709e+08 -3.122504e+07 -6.012709e+07 1.419630e+07
8.876894e+08 8.866709e+08 9.423517e+08 -1.618271e+07 -4.699016e+07 -2.376399e+06
-2.381302e+07 -3.122504e+07 -1.618271e+07 8.651723e+08 2.091876e+07 -4.323029e+07
-8.007067e+07 -6.012709e+07 -4.699016e+07 2.091876e+07 8.972466e+08 -3.418566e+07
9.089260e+06 1.419630e+07 -2.376399e+06 -4.323029e+07 -3.418566e+07 8.746178e+08


Cell: tesseract
3.173345e+09 1.474338e+09 1.589348e+09 8.335810e+07 -1.880882e+08 -1.777264e+07
1.474338e+09 3.020583e+09 1.510082e+09 7.977891e+06 -9.608675e+07 -1.120210e+07
1.589348e+09 1.510082e+09 3.392240e+09 -6.532871e+07 -2.388964e+08 -2.676915e+07
8.335810e+07 7.977891e+06 -6.532871e+07 7.318842e+08 -2.870802e+08 -4.107535e+07
-1.880882e+08 -9.608675e+07 -2.388964e+08 -2.870802e+08 5.621683e+08 5.285074e+07
-1.777264e+07 -1.120210e+07 -2.676915e+07 -4.107535e+07 5.285074e+07 1.714192e+08


Cell: vintiles
1.481055e+10 6.001537e+09 3.543557e+09 1.319300e+09 9.485579e+08 7.097098e+08
6.001537e+09 1.696521e+10 2.606937e+09 -2.012044e+08 1.535388e+09 1.139838e+08
3.543557e+09 2.606937e+09 1.436849e+10 -2.577674e+08 -5.676345e+08 1.261197e+09
1.319300e+09 -2.012044e+08 -2.577674e+08 5.483977e+09 1.630095e+09 2.679526e+09
9.485579e+08 1.535388e+09 -5.676345e+08 1.630095e+09 6.125186e+09 3.086004e+09
7.097098e+08 1.139838e+08 1.261197e+09 2.679526e+09 3.086004e+09 7.755102e+09


Cell: volume_center
1.376425e+10 5.897702e+09 5.885672e+09 -1.421011e+07 -7.979637e+06 -1.073550e+07
5.897702e+09 1.376839e+10 5.905285e+09 -2.198271e+07 1.629727e+06 -1.794069e+07
5.885672e+09 5.905285e+09 1.380076e+10 -2.184712e+07 -1.750666e+06 -2.889846e+06
-1.421011e+07 -2.198271e+07 -2.184712e+07 5.541996e+09 5.870732e+05 1.166083e+06
-7.979637e+06 1.629727e+06 -1.750666e+06 5.870732e+05 5.529102e+09 -9.624417e+06
-1.073550e+07 -1.794069e+07 -2.889846e+06 1.166083e+06 -9.624417e+06 5.543628e+09


