# Homogenization Results

Cell: cross_lattice
2.846758e+07 3.661830e+06 3.567726e+06 2.219741e+04 -1.079529e+05 -3.277608e+05
3.661830e+06 2.845882e+07 3.474766e+06 -2.222736e+05 -1.919484e+03 -2.975932e+05
3.567726e+06 3.474766e+06 2.855752e+07 -2.510366e+05 -1.372056e+05 9.860937e+04
2.219741e+04 -2.222736e+05 -2.510366e+05 3.589751e+07 -6.808058e+04 -3.716270e+04
-1.079529e+05 -1.919484e+03 -1.372056e+05 -6.808058e+04 3.362927e+07 -7.915631e+04
-3.277608e+05 -2.975932e+05 9.860937e+04 -3.716270e+04 -7.915631e+04 3.540328e+07


