# Homogenization Results

Cell: cross_lattice
2.855789e+07 3.660350e+06 3.568828e+06 -2.110674e+04 -1.865437e+05 -3.000925e+05
3.660350e+06 2.842954e+07 3.491378e+06 -1.522206e+05 3.370908e+04 -2.946318e+05
3.568828e+06 3.491378e+06 2.832314e+07 -1.671545e+05 -1.759384e+05 5.485055e+03
-2.110674e+04 -1.522206e+05 -1.671545e+05 3.327254e+07 -7.035471e+04 -8.366341e+04
-1.865437e+05 3.370908e+04 -1.759384e+05 -7.035471e+04 3.776423e+07 -8.828029e+04
-3.000925e+05 -2.946318e+05 5.485055e+03 -8.366341e+04 -8.828029e+04 3.341228e+07


Cell: cube
1.490585e+10 1.332643e+09 1.335722e+09 3.188950e+05 6.084319e+05 -1.108807e+06
1.332643e+09 1.490514e+10 1.335600e+09 -2.184630e+06 3.478555e+05 -1.663859e+06
1.335722e+09 1.335600e+09 1.485899e+10 -1.210340e+06 1.039639e+06 1.195141e+06
3.188950e+05 -2.184630e+06 -1.210340e+06 7.065986e+08 -2.926818e+05 -3.716541e+05
6.084319e+05 3.478555e+05 1.039639e+06 -2.926818e+05 7.070353e+08 -2.186153e+05
-1.108807e+06 -1.663859e+06 1.195141e+06 -3.716541e+05 -2.186153e+05 7.071781e+08


Cell: enhanced_voxel
1.081135e+10 4.651849e+09 4.415708e+09 1.896281e+07 3.433888e+07 -2.854153e+08
4.651849e+09 1.108076e+10 4.670415e+09 2.958086e+07 1.644466e+07 -3.104278e+08
4.415708e+09 4.670415e+09 1.083735e+10 1.231042e+07 1.021240e+07 -3.786282e+07
1.896281e+07 2.958086e+07 1.231042e+07 4.419149e+09 -1.906419e+07 1.888454e+07
3.433888e+07 1.644466e+07 1.021240e+07 -1.906419e+07 4.198388e+09 1.944018e+07
-2.854153e+08 -3.104278e+08 -3.786282e+07 1.888454e+07 1.944018e+07 4.411668e+09


Cell: face_centered_cubic
1.055159e+10 3.128476e+09 3.127447e+09 -2.860558e+04 4.470335e+05 -3.685652e+05
3.128476e+09 1.055208e+10 3.127613e+09 -2.124941e+05 -1.537897e+05 -1.925150e+05
3.127447e+09 3.127613e+09 1.055142e+10 -6.642169e+05 -1.118811e+05 5.498576e+04
-2.860558e+04 -2.124941e+05 -6.642169e+05 2.825060e+09 -4.477516e+04 9.955735e+04
4.470335e+05 -1.537897e+05 -1.118811e+05 -4.477516e+04 2.824604e+09 -2.142473e+04
-3.685652e+05 -1.925150e+05 5.498576e+04 9.955735e+04 -2.142473e+04 2.826307e+09


Cell: octahedron
1.686055e+10 7.779163e+08 1.022874e+10 -8.445155e+05 7.114629e+06 1.596762e+04
7.779163e+08 1.685671e+10 1.022887e+10 6.955625e+06 -1.675250e+06 2.380549e+05
1.022874e+10 1.022887e+10 2.996898e+10 2.168589e+07 1.922169e+07 2.975189e+05
-8.445155e+05 6.955625e+06 2.168589e+07 1.004855e+10 6.908651e+05 1.911455e+06
7.114629e+06 -1.675250e+06 1.922169e+07 6.908651e+05 1.004755e+10 7.284437e+05
1.596762e+04 2.380549e+05 2.975189e+05 1.911455e+06 7.284437e+05 1.002627e+09


Cell: octet_truss
2.609202e+10 1.145404e+10 1.143142e+10 -7.207218e+06 1.380237e+06 -4.724237e+07
1.145404e+10 2.615159e+10 1.143831e+10 -1.804713e+07 2.280968e+05 -3.348983e+07
1.143142e+10 1.143831e+10 2.620504e+10 -3.600744e+07 -2.216874e+07 -6.585670e+05
-7.207218e+06 -1.804713e+07 -3.600744e+07 1.139624e+10 -7.005837e+06 4.669688e+06
1.380237e+06 2.280968e+05 -2.216874e+07 -7.005837e+06 1.138326e+10 -4.697558e+06
-4.724237e+07 -3.348983e+07 -6.585670e+05 4.669688e+06 -4.697558e+06 1.139928e+10


Cell: star_cube
8.915219e+08 8.643042e+08 8.607470e+08 5.551976e+06 -2.469210e+07 -5.002492e+06
8.643042e+08 8.906386e+08 8.613542e+08 5.688118e+06 -2.283830e+07 -8.335033e+06
8.607470e+08 8.613542e+08 8.851291e+08 6.419969e+06 -2.437974e+07 -9.404280e+06
5.551976e+06 5.688118e+06 6.419969e+06 8.272581e+08 -9.308261e+06 -2.124729e+07
-2.469210e+07 -2.283830e+07 -2.437974e+07 -9.308261e+06 8.269536e+08 5.150960e+06
-5.002492e+06 -8.335033e+06 -9.404280e+06 -2.124729e+07 5.150960e+06 8.313430e+08


Cell: tesseract
3.386290e+09 1.606374e+09 1.603159e+09 1.291235e+05 1.854011e+04 8.027854e+04
1.606374e+09 3.381846e+09 1.605522e+09 2.080158e+05 -2.196029e+05 -6.158115e+04
1.603159e+09 1.605522e+09 3.384504e+09 6.958692e+04 -5.009833e+05 6.356886e+04
1.291235e+05 2.080158e+05 6.958692e+04 1.945341e+08 1.964780e+04 8.998099e+04
1.854011e+04 -2.196029e+05 -5.009833e+05 1.964780e+04 1.946262e+08 1.950329e+05
8.027854e+04 -6.158115e+04 6.356886e+04 8.998099e+04 1.950329e+05 1.961288e+08


Cell: vintiles
1.272495e+10 5.586541e+09 5.530206e+09 2.220529e+06 1.047238e+06 -1.327421e+06
5.586541e+09 1.271976e+10 5.529546e+09 1.789926e+06 6.157338e+05 -2.145083e+06
5.530206e+09 5.529546e+09 1.267588e+10 1.737088e+06 5.111002e+05 -6.523371e+05
2.220529e+06 1.789926e+06 1.737088e+06 2.525914e+09 -5.922526e+05 -8.498952e+05
1.047238e+06 6.157338e+05 5.111002e+05 -5.922526e+05 2.524363e+09 -1.058076e+05
-1.327421e+06 -2.145083e+06 -6.523371e+05 -8.498952e+05 -1.058076e+05 2.526460e+09


Cell: volume_center
1.373600e+10 5.897125e+09 5.883767e+09 -7.999472e+06 -1.888913e+06 -6.069841e+06
5.897125e+09 1.370378e+10 5.895332e+09 -1.523663e+07 4.478559e+06 -1.241799e+07
5.883767e+09 5.895332e+09 1.374103e+10 -1.521821e+07 4.331168e+06 -5.485277e+05
-7.999472e+06 -1.523663e+07 -1.521821e+07 5.530683e+09 2.107261e+06 1.953169e+06
-1.888913e+06 4.478559e+06 4.331168e+06 2.107261e+06 5.517397e+09 -7.813224e+06
-6.069841e+06 -1.241799e+07 -5.485277e+05 1.953169e+06 -7.813224e+06 5.535111e+09


