# Homogenization Results

Cell: cross_lattice
2.846758e+07 3.661830e+06 3.567726e+06 2.219741e+04 -1.079529e+05 -3.277608e+05
3.661830e+06 2.845882e+07 3.474766e+06 -2.222736e+05 -1.919484e+03 -2.975932e+05
3.567726e+06 3.474766e+06 2.855752e+07 -2.510366e+05 -1.372056e+05 9.860937e+04
2.219741e+04 -2.222736e+05 -2.510366e+05 3.589751e+07 -6.808058e+04 -3.716270e+04
-1.079529e+05 -1.919484e+03 -1.372056e+05 -6.808058e+04 3.362927e+07 -7.915631e+04
-3.277608e+05 -2.975932e+05 9.860937e+04 -3.716270e+04 -7.915631e+04 3.540328e+07


Cell: octet_truss
2.867822e+10 1.220116e+10 1.225111e+10 9.109295e+06 -7.408448e+07 -1.316039e+07
1.220116e+10 2.847331e+10 1.226660e+10 -5.016507e+07 8.209774e+06 -3.032380e+07
1.225111e+10 1.226660e+10 2.812362e+10 6.061827e+06 6.418496e+06 5.892235e+06
9.109295e+06 -5.016507e+07 6.061827e+06 1.219403e+10 -4.814330e+05 -1.498672e+07
-7.408448e+07 8.209774e+06 6.418496e+06 -4.814330e+05 1.220576e+10 -5.810601e+06
-1.316039e+07 -3.032380e+07 5.892235e+06 -1.498672e+07 -5.810601e+06 1.221505e+10


Cell: cube
1.573723e+10 1.378000e+09 1.422537e+09 -7.590079e+07 -3.390802e+08 3.690134e+07
1.378000e+09 1.526418e+10 1.372231e+09 -8.568057e+07 -3.034337e+08 1.427817e+06
1.422537e+09 1.372231e+09 1.519217e+10 -6.469932e+07 -2.594752e+08 3.783870e+07
-7.590079e+07 -8.568057e+07 -6.469932e+07 1.644819e+09 -6.851470e+08 -2.801214e+05
-3.390802e+08 -3.034337e+08 -2.594752e+08 -6.851470e+08 2.330969e+09 -1.118450e+08
3.690134e+07 1.427817e+06 3.783870e+07 -2.801214e+05 -1.118450e+08 8.431334e+08


Cell: star_cube
1.023903e+09 9.042978e+08 8.876894e+08 -2.381302e+07 -8.007067e+07 9.089260e+06
9.042978e+08 9.742801e+08 8.866709e+08 -3.122504e+07 -6.012709e+07 1.419630e+07
8.876894e+08 8.866709e+08 9.423517e+08 -1.618271e+07 -4.699016e+07 -2.376399e+06
-2.381302e+07 -3.122504e+07 -1.618271e+07 8.651723e+08 2.091876e+07 -4.323029e+07
-8.007067e+07 -6.012709e+07 -4.699016e+07 2.091876e+07 8.972466e+08 -3.418566e+07
9.089260e+06 1.419630e+07 -2.376399e+06 -4.323029e+07 -3.418566e+07 8.746178e+08


Cell: enhanced_voxel
1.460328e+10 6.491880e+09 6.489987e+09 -6.238178e+05 1.532317e+06 2.035402e+06
6.491880e+09 1.459325e+10 6.489668e+09 -2.387746e+06 9.190485e+04 1.354914e+06
6.489987e+09 6.489668e+09 1.459074e+10 -1.689129e+06 -1.423581e+06 -2.749285e+06
-6.238178e+05 -2.387746e+06 -1.689129e+06 5.931922e+09 -1.888686e+06 1.383440e+06
1.532317e+06 9.190485e+04 -1.423581e+06 -1.888686e+06 5.941045e+09 5.937817e+06
2.035402e+06 1.354914e+06 -2.749285e+06 1.383440e+06 5.937817e+06 5.936179e+09


Cell: tesseract
3.592198e+09 1.689504e+09 1.689959e+09 1.645243e+05 6.653546e+05 -1.133598e+05
1.689504e+09 3.592460e+09 1.690086e+09 1.284080e+05 5.315694e+05 -2.591531e+04
1.689959e+09 1.690086e+09 3.592385e+09 1.495369e+05 4.065212e+05 -4.228165e+04
1.645243e+05 1.284080e+05 1.495369e+05 2.131964e+08 4.166831e+04 -4.971162e+04
6.653546e+05 5.315694e+05 4.065212e+05 4.166831e+04 2.129631e+08 -6.093215e+03
-1.133598e+05 -2.591531e+04 -4.228165e+04 -4.971162e+04 -6.093215e+03 2.129145e+08


Cell: face_centered_cubic
1.055915e+10 3.124664e+09 3.123141e+09 -1.330913e+05 1.566426e+05 -6.606502e+05
3.124664e+09 1.056796e+10 3.125565e+09 -4.651049e+05 -2.525947e+05 -4.791789e+05
3.123141e+09 3.125565e+09 1.056711e+10 -9.165343e+05 -3.556270e+05 -5.483116e+04
-1.330913e+05 -4.651049e+05 -9.165343e+05 2.825552e+09 -1.954353e+05 -7.489725e+04
1.566426e+05 -2.525947e+05 -3.556270e+05 -1.954353e+05 2.825175e+09 -1.711911e+05
-6.606502e+05 -4.791789e+05 -5.483116e+04 -7.489725e+04 -1.711911e+05 2.825289e+09


Cell: octahedron
1.686070e+10 7.779990e+08 1.022873e+10 -7.807126e+05 7.125050e+06 -4.414948e+03
7.779990e+08 1.685684e+10 1.022887e+10 7.025890e+06 -1.673297e+06 2.191608e+05
1.022873e+10 1.022887e+10 2.996894e+10 2.169649e+07 1.921567e+07 2.923889e+05
-7.807126e+05 7.025890e+06 2.169649e+07 1.004855e+10 6.955166e+05 1.920352e+06
7.125050e+06 -1.673297e+06 1.921567e+07 6.955166e+05 1.004777e+10 7.206150e+05
-4.414948e+03 2.191608e+05 2.923889e+05 1.920352e+06 7.206150e+05 1.002566e+09


Cell: octet_truss
2.774547e+10 1.215678e+10 1.215676e+10 -9.340468e+05 3.526687e+06 -5.104327e+06
1.215678e+10 2.777469e+10 1.215623e+10 -1.515633e+06 3.456398e+06 -5.658672e+06
1.215676e+10 1.215623e+10 2.776400e+10 -1.248803e+06 -2.280311e+05 -3.575904e+06
-9.340468e+05 -1.515633e+06 -1.248803e+06 1.203787e+10 3.815060e+05 -2.572200e+06
3.526687e+06 3.456398e+06 -2.280311e+05 3.815060e+05 1.204460e+10 -1.539391e+06
-5.104327e+06 -5.658672e+06 -3.575904e+06 -2.572200e+06 -1.539391e+06 1.204079e+10


Cell: star_cube
1.023903e+09 9.042978e+08 8.876894e+08 -2.381302e+07 -8.007067e+07 9.089260e+06
9.042978e+08 9.742801e+08 8.866709e+08 -3.122504e+07 -6.012709e+07 1.419630e+07
8.876894e+08 8.866709e+08 9.423517e+08 -1.618271e+07 -4.699016e+07 -2.376399e+06
-2.381302e+07 -3.122504e+07 -1.618271e+07 8.651723e+08 2.091876e+07 -4.323029e+07
-8.007067e+07 -6.012709e+07 -4.699016e+07 2.091876e+07 8.972466e+08 -3.418566e+07
9.089260e+06 1.419630e+07 -2.376399e+06 -4.323029e+07 -3.418566e+07 8.746178e+08


Cell: tesseract
3.592198e+09 1.689504e+09 1.689959e+09 1.645243e+05 6.653546e+05 -1.133598e+05
1.689504e+09 3.592460e+09 1.690086e+09 1.284080e+05 5.315694e+05 -2.591531e+04
1.689959e+09 1.690086e+09 3.592385e+09 1.495369e+05 4.065212e+05 -4.228165e+04
1.645243e+05 1.284080e+05 1.495369e+05 2.131964e+08 4.166831e+04 -4.971162e+04
6.653546e+05 5.315694e+05 4.065212e+05 4.166831e+04 2.129631e+08 -6.093215e+03
-1.133598e+05 -2.591531e+04 -4.228165e+04 -4.971162e+04 -6.093215e+03 2.129145e+08


Cell: vintiles
1.321789e+10 5.476924e+09 5.632238e+09 -4.975925e+06 -4.983699e+07 2.412882e+07
5.476924e+09 1.321592e+10 5.557352e+09 2.634392e+06 4.094993e+07 -1.720662e+07
5.632238e+09 5.557352e+09 1.309649e+10 1.426715e+06 -1.580921e+07 -5.942333e+06
-4.975925e+06 2.634392e+06 1.426715e+06 2.598943e+09 5.878660e+06 4.606956e+06
-4.983699e+07 4.094993e+07 -1.580921e+07 5.878660e+06 2.671039e+09 -2.345244e+07
2.412882e+07 -1.720662e+07 -5.942333e+06 4.606956e+06 -2.345244e+07 2.754493e+09


Cell: volume_center
1.376425e+10 5.897702e+09 5.885672e+09 -1.421011e+07 -7.979637e+06 -1.073550e+07
5.897702e+09 1.376839e+10 5.905285e+09 -2.198271e+07 1.629727e+06 -1.794069e+07
5.885672e+09 5.905285e+09 1.380076e+10 -2.184712e+07 -1.750666e+06 -2.889846e+06
-1.421011e+07 -2.198271e+07 -2.184712e+07 5.541996e+09 5.870732e+05 1.166083e+06
-7.979637e+06 1.629727e+06 -1.750666e+06 5.870732e+05 5.529102e+09 -9.624417e+06
-1.073550e+07 -1.794069e+07 -2.889846e+06 1.166083e+06 -9.624417e+06 5.543628e+09


Cell: vintiles
1.321789e+10 5.476924e+09 5.632238e+09 -4.975925e+06 -4.983699e+07 2.412882e+07
5.476924e+09 1.321592e+10 5.557352e+09 2.634392e+06 4.094993e+07 -1.720662e+07
5.632238e+09 5.557352e+09 1.309649e+10 1.426715e+06 -1.580921e+07 -5.942333e+06
-4.975925e+06 2.634392e+06 1.426715e+06 2.598943e+09 5.878660e+06 4.606956e+06
-4.983699e+07 4.094993e+07 -1.580921e+07 5.878660e+06 2.671039e+09 -2.345244e+07
2.412882e+07 -1.720662e+07 -5.942333e+06 4.606956e+06 -2.345244e+07 2.754493e+09


Cell: volume_center
1.376425e+10 5.897702e+09 5.885672e+09 -1.421011e+07 -7.979637e+06 -1.073550e+07
5.897702e+09 1.376839e+10 5.905285e+09 -2.198271e+07 1.629727e+06 -1.794069e+07
5.885672e+09 5.905285e+09 1.380076e+10 -2.184712e+07 -1.750666e+06 -2.889846e+06
-1.421011e+07 -2.198271e+07 -2.184712e+07 5.541996e+09 5.870732e+05 1.166083e+06
-7.979637e+06 1.629727e+06 -1.750666e+06 5.870732e+05 5.529102e+09 -9.624417e+06
-1.073550e+07 -1.794069e+07 -2.889846e+06 1.166083e+06 -9.624417e+06 5.543628e+09


